MSEC,ICOUNT,"COUNT DELTA",COUNT/MSEC,"TOTAL AMP","AVG AMP",VOLT,JOULES
0.005,0,,,0,0,13.1,
16.393,0,0,0,0,0,13.1,0
100.047,7,7,0.08367800703,17.3,2.883333333,12.1,17.51129182
119.631,12,5,0.2553104575,51.3,8.55,12.1,12.15637632
133.453,16,4,0.2893937202,51.3,8.55,11.2,7.94156832
154.489,23,7,0.3327628827,51.3,8.55,10.2,11.00729736
173.671,31,8,0.4170576582,51.3,8.55,9.2,9.05313672
194.107,41,10,0.4893325504,138.7,23.11666667,9.2,26.07715344
213.417,53,12,0.6214396686,156.8,26.13333333,7.5,22.70856
233.582,67,14,0.6942722539,156.8,26.13333333,7.4,23.3978528
253.647,83,16,0.7974084226,270.1,45.01666667,7.5,40.64667375
273.34,100,17,0.8632509013,270.1,45.01666667,7.6,40.42500268
293.523,119,19,0.9413863152,270.1,45.01666667,7.6,41.43085508
313.918,140,21,1.029664133,270.1,45.01666667,7.7,42.41690915
333.678,162,22,1.113360324,261.2,43.53333333,7.8,40.2582336
353.818,185,23,1.142005958,261.2,43.53333333,7.9,41.5584872
373.593,210,25,1.264222503,243.2,40.53333333,8.1,38.955168
395.057,238,28,1.304509877,243.2,40.53333333,8.1,42.28236288
413.618,263,25,1.346910188,243.2,40.53333333,8.1,36.56368512
433.432,291,28,1.413142223,243.2,40.53333333,8.2,39.51387136
453.704,322,31,1.529202841,228.3,38.05,8.2,37.95040032
473.552,354,32,1.612253124,228.3,38.05,8.5,38.5160364
493.978,387,33,1.615587976,214.9,35.81666667,8.5,37.3111529
513.732,420,33,1.670547737,212.4,35.4,8.5,35.6638716
533.72,455,35,1.75105063,212.4,35.4,8.6,36.51088032
556.912,497,42,1.8109693,212.4,35.4,8.7,42.85603296
573.626,529,32,1.914562642,195.5,32.58333333,8.8,28.7547656
593.499,567,38,1.912142102,195.5,32.58333333,8.8,34.1895092
613.68,607,40,1.982062336,195.5,32.58333333,8.9,35.11393095
633.286,648,41,2.091196572,195.5,32.58333333,8.9,34.1134597
654.921,692,44,2.033741622,186.9,31.15,9.1,36.79659165
673.696,731,39,2.07723036,186.9,31.15,9.2,32.283237
693.865,775,44,2.181565769,177.3,29.55,9.2,32.89886604
714.051,820,45,2.229267809,174.4,29.06666667,9.2,32.38803328
733.838,865,45,2.274220448,174.4,29.06666667,9.2,31.74784576
753.848,912,47,2.348825587,174.4,29.06666667,9.4,32.8035936
773.641,959,47,2.374576871,162.9,27.15,9.3,29.98580121
794.035,1009,50,2.451701481,162.9,27.15,9.3,30.89629818
813.702,1057,48,2.440636599,162.9,27.15,9.4,30.11529042
834.744,1110,53,2.51877198,158.8,26.46666667,9.4,31.40981424
853.791,1160,50,2.625085315,158.8,26.46666667,9.6,29.03677056
874.841,1214,54,2.565320665,158.8,26.46666667,9.6,32.090304
894.051,1265,51,2.654867257,150.7,25.11666667,9.6,27.7914912
913.602,1318,53,2.71085878,149.5,24.91666667,9.6,28.0595952
936.977,1381,63,2.695187166,149.5,24.91666667,9.7,33.89725625
953.419,1427,46,2.797713174,142,23.66666667,9.8,22.8806872
973.69,1483,56,2.762567214,142,23.66666667,9.8,28.2091236
993.713,1540,57,2.846726265,142,23.66666667,9.8,27.8640068
1013.762,1597,57,2.843034565,142,23.66666667,9.9,28.1848842
1035.405,1657,60,2.772258929,134.6,22.43333333,9.9,28.84016322
1114.068,1895,238,3.025564751,126.4,21.06666667,10.1,100.4243323
1134.006,1956,61,3.059484402,126.4,21.06666667,10.1,25.45364832
1153.835,2017,61,3.076302385,123.1,20.51666667,10.2,24.89768898
1173.788,2080,63,3.157419937,123.1,20.51666667,10.1,24.80776443
1194.052,2143,63,3.108961705,123.1,20.51666667,10.1,25.19443384
1213.65,2206,63,3.214613736,123.1,20.51666667,10.2,24.60764076
1233.746,2269,63,3.134952229,115,19.16666667,10.2,23.572608
1253.97,2335,66,3.263449367,115,19.16666667,10.3,23.955328
1273.921,2401,66,3.308104857,110.2,18.36666667,10.3,22.64558206
1294.211,2467,66,3.252833908,110.2,18.36666667,10.3,23.0303674
1313.425,2531,64,3.330904549,110.2,18.36666667,10.4,22.02078112
1333.479,2598,67,3.340979356,110.2,18.36666667,10.4,22.98348832
1353.986,2667,69,3.364704735,105.3,17.55,10.4,22.45762584
1374.951,2739,72,3.434295254,105.3,17.55,10.4,22.9591908
1394.417,2805,66,3.390527073,101.5,16.91666667,10.4,20.5483096
1413.805,2873,68,3.507324118,101.5,16.91666667,10.5,20.662761
1433.573,2942,69,3.49048968,101.5,16.91666667,10.6,21.2683912
1454.208,3011,69,3.343833293,101.5,16.91666667,10.6,22.2011965
1474.302,3082,71,3.533393053,95.6,15.93333333,10.4,19.97825856
1495.604,3159,77,3.614684067,95.6,15.93333333,10.6,21.58659472
1516.461,3232,73,3.500023973,95.6,15.93333333,10.6,21.13564952
1533.535,3293,61,3.572683613,93.8,15.63333333,10.6,16.97633672
1553.504,3365,72,3.605588662,93.8,15.63333333,10.6,19.85477732
1575.612,3444,79,3.573367107,93.8,15.63333333,10.6,21.98154224
1594.049,3512,68,3.688235613,91,15.16666667,10.6,17.7843302
1613.789,3585,73,3.698074975,90,15,10.6,18.83196
1633.971,3659,74,3.666633634,90,15,10.8,19.616904
1654.194,3733,74,3.659199921,89.3,14.88333333,10.7,19.32327873
1674.806,3811,78,3.784203377,87.2,14.53333333,10.8,19.41155712
1693.836,3881,70,3.678402522,87.2,14.53333333,10.8,17.9216928
1713.763,3957,76,3.813920811,87.2,14.53333333,10.7,18.59268808
1733.484,4032,75,3.803052584,85.6,14.26666667,10.8,18.23167008
1756.164,4117,85,3.747795414,85.6,14.26666667,10.8,20.9672064
1773.715,4184,67,3.817446299,85.6,14.26666667,10.9,16.37578504
1793.556,4259,75,3.780051409,83.9,13.98333333,10.9,18.14479291
1813.974,4339,80,3.91811147,81.7,13.61666667,10.8,18.01602648
1833.692,4416,77,3.905061365,81.7,13.61666667,10.9,17.55947054
1859.268,4513,97,3.792618079,79.8,13.3,10.9,22.24651632
1876.215,4580,67,3.953502095,79.8,13.3,11,14.8760766
1894.215,4650,70,3.888888889,79.8,13.3,11,15.8004
1914.843,4730,80,3.878223774,79.8,13.3,10.9,17.94264696
1933.486,4805,75,4.022957678,78.4,13.06666667,10.9,15.93156208
1954.348,4889,84,4.026459592,78.4,13.06666667,10.9,17.82783072
1973.714,4966,77,3.976040483,75.3,12.55,10.9,15.89503182
1993.671,5043,77,3.858295335,75.3,12.55,10.9,16.38010689
2013.43,5123,80,4.048787894,75.3,12.55,11,16.3663797
2033.565,5204,81,4.022845791,75.3,12.55,11,16.6778205
2055.507,5285,81,3.691550451,74.5,12.41666667,11.1,18.1449369
2134.098,5611,326,4.148057666,70.3,11.71666667,11.1,61.32691503
2153.514,5691,80,4.120313144,70.3,11.71666667,11.1,15.15088728
2174.247,5776,85,4.099744369,68.2,11.36666667,11.2,15.83669472
2194.905,5860,84,4.066221319,68.2,11.36666667,11.2,15.77940672
2213.747,5939,79,4.192760853,68.2,11.36666667,11.1,14.26377084
2233.982,6022,83,4.101803805,68.2,11.36666667,11.1,15.3182997
2254.535,6107,85,4.135649297,67,11.16666667,11.2,15.4229712
2274.319,6188,81,4.09421755,67,11.16666667,11.2,14.8459136
2297.18,6284,96,4.19929137,64.6,10.76666667,11.2,16.54039072
2313.692,6353,69,4.17877907,64.6,10.76666667,11.2,11.94676224
2333.916,6439,86,4.252373418,64.6,10.76666667,11.2,14.63246848
2357.975,6536,97,4.031755268,64.6,10.76666667,11.2,17.40716768
2374.066,6606,70,4.350257908,66.1,11.01666667,11.2,11.91248912
2399.534,6711,105,4.122820795,66.1,11.01666667,11.2,18.85446976
2414.776,6776,65,4.264532214,66.1,11.01666667,11.2,11.28395744
2433.968,6857,81,4.220508545,63.7,10.61666667,11.2,13.69234048
2454.06,6942,85,4.230539518,63.7,10.61666667,11.2,14.33443648
2474.245,7028,86,4.260589547,63.7,10.61666667,11.2,14.4007864
2495.35,7118,90,4.264392324,62.5,10.41666667,11.2,14.7735
2513.647,7197,79,4.317647702,62.5,10.41666667,11.2,12.8079
2533.741,7282,85,4.230118443,62.5,10.41666667,11.2,14.0658
2553.772,7368,86,4.293345315,60.9,10.15,11.2,13.66274448
2575.455,7462,94,4.33519347,60.9,10.15,11.2,14.78954064
2594.091,7541,79,4.239107105,60.9,10.15,11.2,12.71124288
2613.734,7627,86,4.378149977,60.9,10.15,11.3,13.51772331
2634.555,7717,90,4.322558955,59.2,9.866666667,11.3,13.92841616
2653.904,7800,83,4.289627371,59.2,9.866666667,11.3,12.94370704
2678.522,7906,106,4.30579251,59.8,9.966666667,11.3,16.63536732
2694.012,7973,67,4.325371207,59.5,9.916666667,11.3,10.4147015
2713.756,8060,87,4.406401945,59.5,9.916666667,11.3,13.2748784
2733.642,8147,87,4.374937142,59.5,9.916666667,11.3,13.3703521
2754.146,8235,88,4.291845494,58.1,9.683333333,11.3,13.46149112
2773.575,8321,86,4.426372948,58.1,9.683333333,11.4,12.86860386
2793.857,8411,90,4.437432206,58.1,9.683333333,11.4,13.43357988
2814.22,8499,88,4.32156362,58.1,9.683333333,11.4,13.48722942
2834.146,8586,87,4.366154773,55.9,9.316666667,11.3,12.58665642
2853.917,8674,88,4.450963532,55.9,9.316666667,11.4,12.59926746
2875.311,8767,93,4.347013181,55.4,9.233333333,11.4,13.51159464
2894.226,8851,84,4.440919905,55.4,9.233333333,11.4,11.9459574
2914.093,8939,88,4.429455882,55.4,9.233333333,11.4,12.54720252
2934.177,9028,89,4.43138817,55.4,9.233333333,11.4,12.68425104
2953.843,9114,86,4.373029594,54.4,9.066666667,11.4,12.19606656
2975.425,9208,94,4.35548142,54.4,9.066666667,11.4,13.38429312
2994.221,9291,83,4.415833156,54.1,9.016666667,11.4,11.59224504
3014.018,9379,88,4.445117947,54,9,11.4,12.1870332
3034.072,9467,88,4.38815199,54,9,11.4,12.3452424
3055.127,9560,93,4.417003087,54,9,11.4,12.961458
3076.528,9652,92,4.298864539,54,9,11.4,13.1744556
3155.22,10013,361,4.587505718,50.6,8.433333333,11.4,45.39269328
3174.107,10098,85,4.500450045,50.6,8.433333333,11.4,10.89477708
3193.756,10187,89,4.529492595,51,8.5,11.4,11.4239286
3219.728,10302,115,4.427845372,49.8,8.3,11.4,14.74482384
3233.445,10365,63,4.592841,49.8,8.3,11.4,7.78741524
3253.931,10458,93,4.539685639,52.7,8.783333333,11.4,12.30757908
3274.742,10551,93,4.468790543,50.9,8.483333333,11.4,12.07579086
3295.886,10644,93,4.398410897,50.9,8.483333333,11.5,12.3766404
3313.607,10725,81,4.570848146,50.9,8.483333333,11.5,10.37298735
3335.844,10826,101,4.541979584,51.1,8.516666667,11.4,12.95394198
3353.951,10908,82,4.528635334,51.1,8.516666667,11.5,10.64057855
3375.387,11003,95,4.431796977,51.1,8.516666667,11.4,12.48732744
3395.041,11092,89,4.528340287,49.7,8.283333333,11.4,11.13556332
3414.224,11182,90,4.691654069,49.7,8.283333333,11.4,10.86870414
3439.184,11293,111,4.447115385,49.7,8.283333333,11.6,14.3899392
3454.953,11366,73,4.629336039,46.6,7.766666667,11.5,8.4506071
3475.823,11461,95,4.5519885,46.6,7.766666667,11.4,11.0869788
3502.372,11581,120,4.519944254,46.6,7.766666667,11.6,14.35132744
3545.697,11767,186,4.293133295,47.2,7.866666667,11.5,23.51681
3550.771,11802,35,6.897910918,47.2,7.866666667,11.5,2.7541672
3574.759,11912,110,4.585626146,48.4,8.066666667,11.5,13.3517208
3605.137,12050,138,4.542761209,48.4,8.066666667,11.6,17.05542432
3619.509,12114,64,4.453103256,48.4,8.066666667,11.6,8.06901568
3635.515,12188,74,4.623266275,48.4,8.066666667,11.6,8.98640864
3653.843,12270,82,4.474028808,46.4,7.733333333,11.5,9.7798208
,,,,,,7.4,3581.202748
